500hz to 1000hz
154->161
159->160

154(host -> inturrupt in 1.8.2) 
0000   80 4d 44 1f 81 88 ff ff 53 01 82 08 01 00 2d 3c
0010   be b9 03 66 00 00 00 00 8e 9d 00 00 8d ff ff ff
0020   11 00 00 00 00 00 00 00 00 00 00 00 00 00 00 00
0030   01 00 00 00 00 00 00 00 00 02 00 00 00 00 00 00

159(host -> control out 1.8.0)
0000   00 46 44 1f 81 88 ff ff 53 02 00 08 01 00 00 00
0010   be b9 03 66 00 00 00 00 78 64 0d 00 8d ff ff ff
0020   11 00 00 00 11 00 00 00 21 09 08 02 01 00 11 00
0030   00 00 00 00 00 00 00 00 00 00 00 00 00 00 00 00
0040   08 03 00 00 00 00 00 00 00 00 00 00 00 00 00 00
0050   4a

160(1.8.0 -> control out host)
0000   00 46 44 1f 81 88 ff ff 43 02 00 08 01 00 2d 3e
0010   be b9 03 66 00 00 00 00 42 65 0d 00 00 00 00 00
0020   11 00 00 00 00 00 00 00 00 00 00 00 00 00 00 00
0030   00 00 00 00 00 00 00 00 00 00 00 00 00 00 00 00

161(1.8.2 -> inturrupt in host)
0000   80 4d 44 1f 81 88 ff ff 43 01 82 08 01 00 2d 00
0010   be b9 03 66 00 00 00 00 8b 6a 0d 00 00 00 00 00
0020   11 00 00 00 11 00 00 00 00 00 00 00 00 00 00 00
0030   01 00 00 00 00 00 00 00 00 02 00 00 00 00 00 00
0040   08 03 00 00 00 01 01 ce c7 4e 00 00 00 00 00 00
0050   65
